Population Agreement Matrix (Final Generation):
Population Size: 25
------------------------------------------------------------------------------------------------------------------------------------------------------------------------------------------------------------------------------------------------
          0      1      2      3      4      5      6      7      8      9     10     11     12     13     14     15     16     17     18     19     20     21     22     23     24     25     26     27     28     29 
------------------------------------------------------------------------------------------------------------------------------------------------------------------------------------------------------------------------------------------------
  0 | 0.000  0.000  0.000  0.000  0.000  0.000  0.000  0.000  0.000  0.000  0.000  1.000  0.000  0.000 24.000  0.000  5.000  0.000  0.000  0.000  1.000  0.000  0.000  0.000  0.000  0.000  0.000 19.000  0.000  0.000 
  1 | 0.000  0.000 23.000  0.000  0.000  0.000  0.000  0.000  1.000  0.000  0.000  0.000 13.000  0.000  2.000  0.000  0.000  0.000  0.000  0.000  9.000  0.000  1.000  0.000  0.000  0.000  0.000  0.000  1.000  0.000 
  2 | 0.000 23.000  0.000  0.000  0.000  0.000  1.000  0.000  0.000  0.000  0.000  0.000  0.000  0.000  1.000  0.000  1.000  0.000  1.000  0.000 10.000  0.000  1.000  0.000  0.000  0.000  0.000  0.000  0.000 12.000 
  3 | 0.000  0.000  0.000  0.000  0.000  0.000  0.000  0.000  0.000  0.000  0.000 23.000  0.000 25.000  0.000  0.000  0.000  0.000  0.000  1.000  0.000  0.000  0.000  0.000  0.000  0.000  0.000  1.000  0.000  0.000 
  4 | 0.000  0.000  0.000  0.000  0.000  0.000  0.000  0.000 24.000  4.000  1.000  0.000  0.000  0.000  0.000  0.000  0.000  0.000  0.000  0.000  0.000  0.000 20.000  0.000  1.000  0.000  0.000  0.000  0.000  0.000 
  5 | 0.000  0.000  0.000  0.000  0.000  0.000  0.000  0.000  1.000  0.000 24.000  0.000  0.000  0.000  0.000  1.000  0.000  0.000  0.000  0.000  0.000  2.000  0.000  0.000  0.000  0.000 20.000  0.000  0.000  2.000 
  6 | 0.000  0.000  1.000  0.000  0.000  0.000  0.000  0.000  0.000  0.000  1.000  0.000  0.000  0.000  0.000 23.000  0.000  0.000  0.000 25.000  0.000  0.000  0.000  0.000  0.000  0.000  0.000  0.000  0.000  0.000 
  7 | 0.000  0.000  0.000  0.000  0.000  0.000  0.000  0.000  0.000  0.000  0.000  0.000  0.000  1.000  0.000 21.000  0.000  0.000  0.000  1.000  0.000  0.000  4.000  0.000  0.000  1.000  1.000  0.000  0.000 21.000 
  8 | 0.000  1.000  0.000  0.000 24.000  1.000  0.000  0.000  0.000 15.000  0.000  0.000  0.000  0.000  0.000  0.000  0.000  0.000  1.000  0.000  0.000  0.000  1.000  0.000  0.000  1.000  0.000  0.000  6.000  0.000 
  9 | 0.000  0.000  0.000  0.000  4.000  0.000  0.000  0.000 15.000  0.000  0.000  0.000  1.000  0.000  1.000  0.000  1.000  0.000  4.000  0.000  0.000  0.000  0.000  1.000 22.000  0.000  1.000  0.000  0.000  0.000 
 10 | 0.000  0.000  0.000  0.000  1.000 24.000  1.000  0.000  0.000  0.000  0.000  0.000  1.000  0.000  0.000  0.000  0.000  0.000  0.000  0.000  0.000  0.000  0.000  0.000  0.000 22.000  0.000  0.000  0.000  1.000 
 11 | 1.000  0.000  0.000 23.000  0.000  0.000  0.000  0.000  0.000  0.000  0.000  0.000  0.000  0.000  0.000  0.000  0.000  0.000  0.000  0.000 14.000  0.000  0.000  0.000  0.000  0.000  1.000  0.000  0.000 11.000 
 12 | 0.000 13.000  0.000  0.000  0.000  0.000  0.000  0.000  0.000  1.000  1.000  0.000  0.000  0.000  0.000  0.000  0.000 10.000  0.000  0.000  0.000  0.000  0.000  0.000  0.000  0.000  0.000  0.000  1.000  0.000 
 13 | 0.000  0.000  0.000 25.000  0.000  0.000  0.000  1.000  0.000  0.000  0.000  0.000  0.000  0.000  0.000  0.000  0.000  0.000  0.000  0.000  0.000 24.000  0.000  0.000  0.000  0.000  0.000  0.000  0.000  0.000 
 14 |24.000  2.000  1.000  0.000  0.000  0.000  0.000  0.000  0.000  1.000  0.000  0.000  0.000  0.000  0.000  0.000  0.000  0.000  0.000  0.000  0.000  0.000  3.000  0.000  0.000  0.000  0.000  0.000 19.000  0.000 
 15 | 0.000  0.000  0.000  0.000  0.000  1.000 23.000 21.000  0.000  0.000  0.000  0.000  0.000  0.000  0.000  0.000  4.000  0.000  0.000  0.000  0.000  0.000  0.000  0.000  0.000  0.000  1.000  0.000  0.000  0.000 
 16 | 5.000  0.000  1.000  0.000  0.000  0.000  0.000  0.000  0.000  1.000  0.000  0.000  0.000  0.000  0.000  4.000  0.000  0.000  0.000  0.000  1.000  0.000 20.000  0.000  0.000  0.000  0.000  0.000 18.000  0.000 
 17 | 0.000  0.000  0.000  0.000  0.000  0.000  0.000  0.000  0.000  0.000  0.000  0.000 10.000  0.000  0.000  0.000  0.000  0.000  0.000  0.000 15.000  0.000  0.000  0.000  0.000 25.000  0.000  0.000  0.000  0.000 
 18 | 0.000  0.000  1.000  0.000  0.000  0.000  0.000  0.000  1.000  4.000  0.000  0.000  0.000  0.000  0.000  0.000  0.000  0.000  0.000  0.000  0.000  0.000  0.000 20.000 24.000  0.000  0.000  0.000  0.000  0.000 
 19 | 0.000  0.000  0.000  1.000  0.000  0.000 25.000  1.000  0.000  0.000  0.000  0.000  0.000  0.000  0.000  0.000  0.000  0.000  0.000  0.000  0.000  0.000  0.000  0.000  0.000  0.000 23.000  0.000  0.000  0.000 
 20 | 1.000  9.000 10.000  0.000  0.000  0.000  0.000  0.000  0.000  0.000  0.000 14.000  0.000  0.000  0.000  0.000  1.000 15.000  0.000  0.000  0.000  0.000  0.000  0.000  0.000  0.000  0.000  0.000  0.000  0.000 
 21 | 0.000  0.000  0.000  0.000  0.000  2.000  0.000  0.000  0.000  0.000  0.000  0.000  0.000 24.000  0.000  0.000  0.000  0.000  0.000  0.000  0.000  0.000  0.000 23.000  0.000  0.000  0.000  0.000  0.000  1.000 
 22 | 0.000  1.000  1.000  0.000 20.000  0.000  0.000  4.000  1.000  0.000  0.000  0.000  0.000  0.000  3.000  0.000 20.000  0.000  0.000  0.000  0.000  0.000  0.000  0.000  0.000  0.000  0.000  0.000  0.000  0.000 
 23 | 0.000  0.000  0.000  0.000  0.000  0.000  0.000  0.000  0.000  1.000  0.000  0.000  0.000  0.000  0.000  0.000  0.000  0.000 20.000  0.000  0.000 23.000  0.000  0.000  3.000  0.000  2.000  0.000  0.000  1.000 
 24 | 0.000  0.000  0.000  0.000  1.000  0.000  0.000  0.000  0.000 22.000  0.000  0.000  0.000  0.000  0.000  0.000  0.000  0.000 24.000  0.000  0.000  0.000  0.000  3.000  0.000  0.000  0.000  0.000  0.000  0.000 
 25 | 0.000  0.000  0.000  0.000  0.000  0.000  0.000  1.000  1.000  0.000 22.000  0.000  0.000  0.000  0.000  0.000  0.000 25.000  0.000  0.000  0.000  0.000  0.000  0.000  0.000  0.000  0.000  0.000  0.000  0.000 
 26 | 0.000  0.000  0.000  0.000  0.000 20.000  0.000  1.000  0.000  1.000  0.000  1.000  0.000  0.000  0.000  1.000  0.000  0.000  0.000 23.000  0.000  0.000  0.000  2.000  0.000  0.000  0.000  0.000  0.000  1.000 
 27 |19.000  0.000  0.000  1.000  0.000  0.000  0.000  0.000  0.000  0.000  0.000  0.000  0.000  0.000  0.000  0.000  0.000  0.000  0.000  0.000  0.000  0.000  0.000  0.000  0.000  0.000  0.000  0.000  5.000  0.000 
 28 | 0.000  1.000  0.000  0.000  0.000  0.000  0.000  0.000  6.000  0.000  0.000  0.000  1.000  0.000 19.000  0.000 18.000  0.000  0.000  0.000  0.000  0.000  0.000  0.000  0.000  0.000  0.000  5.000  0.000  0.000 
 29 | 0.000  0.000 12.000  0.000  0.000  2.000  0.000 21.000  0.000  0.000  1.000 11.000  0.000  0.000  0.000  0.000  0.000  0.000  0.000  0.000  0.000  1.000  0.000  1.000  0.000  0.000  1.000  0.000  0.000  0.000 
